0
100
100
20
0
0
0
1
1
1
4
40
50
120
138
0
118
120
27
0
0
0
1
1
1
4
271
282
317
346
0
138
156
33
0
0
0
1
1
1
4
467
489
521
524
0
171
192
38
0
0
0
1
1
1
4
250
277
321
323
0
215
218
41
0
0
0
1
1
1
4
141
163
210
217
0
283
244
44
0
0
0
1
1
1
4
283
316
363
365
0
363
264
45
0
0
0
1
1
1
4
399
428
462
501
0
445
279
46
0
0
0
1
1
1
4
476
500
555
559
0
518
290
47
0
0
0
1
1
1
4
524
559
602
608
0
601
300
47
0
0
0
1
1
1
4
605
616
652
685
0
694
309
48
0
0
0
1
1
1
4
627
649
695
696
0
780
316
48
0
0
0
1
1
1
4
662
687
716
723
0
854
322
48
0
0
0
1
1
1
4
695
711
742
751
0
934
327
49
0
0
0
1
1
1
4
688
721
762
777
0
1018
333
49
0
0
0
1
1
1
4
732
754
793
800
0
1107
337
49
0
0
0
1
1
1
4
740
774
801
831
0
1201
342
49
0
0
0
1
1
1
4
781
788
832
850
0
1274
345
49
0
0
0
1
1
1
4
776
804
831
842
0
1351
348
49
0
0
0
1
1
1
4
767
801
852
872
0
1430
351
49
0
0
0
1
1
1
4
787
823
870
882
0
1512
354
49
0
0
0
1
1
1
4
809
835
875
894
0
1597
357
50
0
0
0
1
1
1
4
805
840
884
902
0
1684
359
50
0
0
0
1
1
1
4
830
857
895
917
0
1774
361
50
0
0
0
1
1
1
4
817
854
898
934
0
1866
364
50
0
0
0
1
1
1
4
852
873
899
900
0
1961
366
50
0
0
0
1
1
1
4
846
871
904
923
0
2059
368
50
0
0
0
1
1
1
4
877
877
917
954
0
2142
369
50
0
0
0
1
1
1
4
862
879
911
946
0
2227
371
50
0
0
0
1
1
1
4
858
887
921
937
0
2314
372
50
0
0
0
1
1
1
4
867
884
923
928
0
2402
373
50
0
0
0
1
1
1
4
872
898
940
964
0
2492
374
50
0
0
0
1
1
1
4
884
892
935
964
0
2565
375
50
0
0
0
1
1
1
4
863
886
935
943
0
2639
376
50
0
0
0
1
1
1
4
864
892
927
956
0
2714
377
50
0
0
0
1
1
1
4
869
905
946
951
0
2790
377
49
0
0
0
1
1
1
4
892
898
930
965
0
2867
378
49
0
0
0
1
1
1
4
883
902
934
962
0
2945
379
49
0
0
0
1
1
1
4
900
901
944
964
0
3023
379
49
0
0
0
1
1
1
4
874
908
936
970
0
3103
380
49
0
0
0
1
1
1
4
869
896
935
946
0
3184
380
49
0
0
0
1
1
1
4
880
907
951
967
0
3265
381
49
0
0
0
1
1
1
4
869
901
949
977
0
3347
381
49
0
0
0
1
1
1
4
869
904
945
946
0
3430
381
49
0
0
0
1
1
1
4
878
896
940
977
0
3514
381
49
0
0
0
1
1
1
4
862
897
948
976
0
3598
382
49
0
0
0
1
1
1
4
875
898
937
946
0
3683
382
49
0
0
0
1
1
1
4
888
904
931
934
0
3769
382
49
0
0
0
1
1
1
4
875
888
932
932
0
3856
382
49
0
0
0
1
1
1
4
863
887
933
941
0
3943
382
49
0
0
0
1
1
1
4
877
886
940
976
0
4031
382
49
0
0
0
1
1
1
4
894
898
931
954
0
4120
382
49
0
0
0
1
1
1
4
870
880
931
936
0
4209
382
49
0
0
0
1
1
1
4
883
887
922
941
0
4299
382
49
0
0
0
1
1
1
4
854
888
923
925
0
4390
381
48
0
0
0
1
1
1
4
866
888
929
956
0
4481
381
48
0
0
0
1
1
1
4
850
885
917
928
0
4572
381
48
0
0
0
1
1
1
4
856
878
925
948
0
4664
381
48
0
0
0
1
1
1
4
849
875
903
925
0
4757
380
48
0
0
0
1
1
1
4
839
870
905
906
0
4850
380
48
0
0
0
1
1
1
4
845
866
914
939
0
4943
379
48
0
0
0
1
1
1
4
857
857
897
923
0
5037
379
48
0
0
0
1
1
1
4
862
864
897
913
0
5131
379
48
0
0
0
1
1
1
4
846
848
890
927
0
5226
378
48
0
0
0
1
1
1
4
836
858
882
918
0
5321
377
48
0
0
0
1
1
1
4
827
839
897
927
0
5416
377
47
0
0
0
1
1
1
4
814
842
886
897
0
5511
376
47
0
0
0
1
1
1
4
838
839
882
896
0
5607
376
47
0
0
0
1
1
1
4
822
842
884
905
0
5703
375
47
0
0
0
1
1
1
4
805
824
879
892
0
5800
374
47
0
0
0
1
1
1
4
814
827
865
880
0
5896
374
47
0
0
0
1
1
1
4
819
825
855
875
0
5993
373
47
0
0
0
1
1
1
4
812
822
862
884
0
6090
372
47
0
0
0
1
1
1
4
798
814
846
882
0
6187
371
47
0
0
0
1
1
1
4
779
798
843
855
0
6285
370
47
0
0
0
1
1
1
4
770
798
849
858
0
6382
369
46
0
0
0
1
1
1
4
779
795
827
854
0
6479
369
46
0
0
0
1
1
1
4
793
799
833
845
0
6577
368
46
0
0
0
1
1
1
4
778
779
833
872
0
6675
367
46
0
0
0
1
1
1
4
783
784
827
838
0
6772
366
46
0
0
0
1
1
1
4
756
776
808
836
0
6870
365
46
0
0
0
1
1
1
4
760
767
801
819
0
6967
364
46
0
0
0
1
1
1
4
767
767
793
822
0
7065
363
46
0
0
0
1
1
1
4
728
764
795
799
0
7163
362
46
0
0
0
1
1
1
4
735
747
791
801
0
7260
361
45
0
0
0
1
1
1
4
723
748
775
794
0
7357
360
45
0
0
0
1
1
1
4
745
745
785
818
0
7455
359
45
0
0
0
1
1
1
4
712
730
764
794
0
7552
357
45
0
0
0
1
1
1
4
724
733
773
789
0
7649
356
45
0
0
0
1
1
1
4
700
712
761
765
0
7746
355
45
0
0
0
1
1
1
4
693
712
754
770
0
7842
354
45
0
0
0
1
1
1
4
689
699
734
756
0
7939
353
45
0
0
0
1
1
1
4
685
704
741
746
0
8035
352
44
0
0
0
1
1
1
4
673
694
725
738
0
8131
350
44
0
0
0
1
1
1
4
679
680
720
739
0
8227
349
44
0
0
0
1
1
1
4
661
685
709
735
0
8322
348
44
0
0
0
1
1
1
4
656
680
703
731
0
8418
347
44
0
0
0
1
1
1
4
657
665
706
734
0
8512
345
44
0
0
0
1
1
1
4
611
649
703
711
0
8607
344
44
0
0
0
1
1
1
4
619
652
683
696
0
8701
343
44
0
0
0
1
1
1
4
631
644
682
716
0
8795
342
43
0
0
0
1
1
1
4
632
639
673
682
0
8889
340
43
0
0
0
1
1
1
4
612
632
666
703
0
8982
339
43
0
0
0
1
1
1
4
612
621
654
687
0
9074
338
43
0
0
0
1
1
1
4
604
607
657
669
0
9167
336
43
0
0
0
1
1
1
4
605
611
648
684
0
9258
335
43
0
0
0
1
1
1
4
586
601
646
655
0
9350
334
43
0
0
0
1
1
1
4
565
601
635
636
0
9441
332
43
0
0
0
1
1
1
4
570
590
622
649
0
9531
331
42
0
0
0
1
1
1
4
569
579
623
645
0
9621
330
42
0
0
0
1
1
1
4
528
562
618
621
0
9711
328
42
0
0
0
1
1
1
4
530
569
599
602
0
9800
327
42
0
0
0
1
1
1
4
543
563
591
609
0
9888
325
42
0
0
0
1
1
1
4
506
545
591
605
0
9976
324
42
0
0
0
1
1
1
4
518
537
584
591
0
10063
323
42
0
0
0
1
1
1
4
508
532
570
574
0
10150
321
41
0
0
0
1
1
1
4
519
524
556
571
0
10236
320
41
0
0
0
1
1
1
4
509
526
564
575
0
10322
318
41
0
0
0
1
1
1
4
480
509
545
573
0
10407
317
41
0
0
0
1
1
1
4
483
495
533
557
0
10491
315
41
0
0
0
1
1
1
4
463
492
524
544
0
10575
314
41
0
0
0
1
1
1
4
465
486
521
553
0
10658
313
41
0
0
0
1
1
1
4
464
485
507
544
0
10741
311
41
0
0
0
1
1
1
4
455
478
500
529
0
10823
310
40
0
0
0
1
1
1
4
436
466
507
514
0
10904
308
40
0
0
0
1
1
1
4
412
449
493
519
0
10984
307
40
0
0
0
1
1
1
4
434
438
489
497
0
11064
305
40
0
0
0
1
1
1
4
425
430
480
506
0
11143
304
40
0
0
0
1
1
1
4
414
434
466
500
0
11222
302
40
0
0
0
1
1
1
4
384
420
470
479
0
11299
301
40
0
0
0
1
1
1
4
388
414
451
461
0
11376
300
39
0
0
0
1
1
1
4
405
416
447
480
0
11453
298
39
0
0
0
1
1
1
4
384
401
440
446
0
11528
297
39
0
0
0
1
1
1
4
371
385
432
442
0
11603
295
39
0
0
0
1
1
1
4
361
373
422
431
0
11677
294
39
0
0
0
1
1
1
4
341
370
419
420
0
11751
292
39
0
0
0
1
1
1
4
344
364
404
412
0
11841
290
39
0
0
0
1
1
1
4
343
361
397
401
0
11931
289
38
0
0
0
1
1
1
4
324
340
383
403
0
12019
287
38
0
0
0
1
1
1
4
321
330
372
391
0
12106
285
38
0
0
0
1
1
1
4
302
319
362
385
0
12191
283
38
0
0
0
1
1
1
4
276
309
360
397
0
12276
281
38
0
0
0
1
1
1
4
305
314
344
382
0
12359
280
38
0
0
0
1
1
1
4
256
293
338
347
0
12457
277
37
0
0
0
1
1
1
4
257
277
334
372
0
12554
275
37
0
0
0
1
1
1
4
251
276
318
351
0
12648
273
37
0
0
0
1
1
1
4
234
271
305
343
0
12741
271
37
0
0
0
1
1
1
4
211
241
297
336
0
12832
269
37
0
0
0
1
1
1
4
237
246
271
305
0
12920
267
36
0
0
0
1
1
1
4
217
230
268
290
0
13007
265
36
0
0
0
1
1
1
4
213
215
257
288
0
13092
263
36
0
0
0
1
1
1
4
182
199
235
272
0
13175
260
36
0
0
0
1
1
1
4
177
191
229
260
0
13257
258
36
0
0
0
1
1
1
4
158
189
227
247
0
13336
256
35
0
0
0
1
1
1
4
155
169
217
222
0
13413
254
35
0
0
0
1
1
1
4
150
151
203
205
0
13489
252
35
0
0
0
1
1
1
4
106
137
192
196
0
13586
250
35
0
0
0
1
1
1
4
123
141
179
200
0
13680
247
35
0
0
0
1
1
1
4
114
124
158
177
0
13771
244
34
0
0
0
1
1
1
4
89
106
147
171
0
13858
242
34
0
0
0
1
1
1
4
77
93
123
162
0
13941
239
34
0
0
0
1
1
1
4
60
77
120
151
0
14021
236
34
0
0
0
1
1
1
4
49
56
102
102
0
14098
234
33
0
0
0
1
1
1
4
29
47
75
84
0
14171
231
33
0
0
0
1
1
1
4
22
26
62
76
0
14258
228
33
0
0
0
1
1
1
4
-7
4
54
68
0
14355
224
32
0
0
0
1
1
1
4
-39
-10
31
69
0
14445
221
32
0
0
0
1
1
1
4
203
208
232
254
0
14526
217
32
0
0
0
1
1
1
4
354
391
434
448
0
14475
149
25
0
0
0
1
1
1
4
522
528
567
580
0
14380
146
25
0
0
0
1
1
1
4
486
509
557
590
0
14304
144
24
0
0
0
1
1
1
4
474
493
532
547
0
14225
142
24
0
0
0
1
1
1
4
471
479
528
540
0
14142
141
24
0
0
0
1
1
1
4
455
469
512
547
0
14056
139
24
0
0
0
1
1
1
4
446
463
507
530
0
13966
137
23
0
0
0
1
1
1
4
441
454
487
498
0
13873
135
23
0
0
0
1
1
1
4
403
433
488
524
0
13777
133
23
0
0
0
1
1
1
4
421
424
469
487
0
13695
132
23
0
0
0
1
1
1
4
416
426
461
482
0
13611
131
23
0
0
0
1
1
1
4
383
416
450
483
0
13525
129
23
0
0
0
1
1
1
4
397
401
437
447
0
13437
128
22
0
0
0
1
1
1
4
373
401
429
435
0
13348
127
22
0
0
0
1
1
1
4
341
376
424
424
0
13275
126
22
0
0
0
1
1
1
4
376
383
412
449
0
13202
125
22
0
0
0
1
1
1
4
345
381
407
407
0
13127
124
22
0
0
0
1
1
1
4
325
361
406
444
0
13052
123
22
0
0
0
1
1
1
4
357
368
402
438
0
12976
122
22
0
0
0
1
1
1
4
343
362
393
417
0
12899
121
22
0
0
0
1
1
1
4
338
350
391
391
0
12821
120
21
0
0
0
1
1
1
4
336
339
389
419
0
12742
119
21
0
0
0
1
1
1
4
315
338
375
405
0
12663
118
21
0
0
0
1
1
1
4
312
325
378
380
0
12582
117
21
0
0
0
1
1
1
4
323
330
356
391
0
12502
117
21
0
0
0
1
1
1
4
292
324
362
365
0
12420
116
21
0
0
0
1
1
1
4
299
317
343
381
0
12338
115
21
0
0
0
1
1
1
4
276
315
339
342
0
12256
114
21
0
0
0
1
1
1
4
303
304
335
339
0
12173
113
21
0
0
0
1
1
1
4
273
305
341
356
0
12089
112
20
0
0
0
1
1
1
4
263
284
326
353
0
12005
112
20
0
0
0
1
1
1
4
269
280
325
343
0
11920
111
20
0
0
0
1
1
1
4
267
288
324
337
0
11836
110
20
0
0
0
1
1
1
4
240
267
314
320
0
11750
109
20
0
0
0
1
1
1
4
244
281
305
333
0
11665
109
20
0
0
0
1
1
1
4
245
259
308
324
0
11579
108
20
0
0
0
1
1
1
4
239
257
304
315
0
11492
107
20
0
0
0
1
1
1
4
219
248
293
303
0
11406
107
20
0
0
0
1
1
1
4
243
259
292
311
0
11319
106
20
0
0
0
1
1
1
4
240
240
287
300
0
11232
105
19
0
0
0
1
1
1
4
239
240
292
321
0
11145
104
19
0
0
0
1
1
1
4
217
243
277
300
0
11058
104
19
0
0
0
1
1
1
4
208
235
278
280
0
10970
103
19
0
0
0
1
1
1
4
225
226
271
290
0
10883
102
19
0
0
0
1
1
1
4
193
223
267
278
0
10795
102
19
0
0
0
1
1
1
4
203
216
267
288
0
10707
101
19
0
0
0
1
1
1
4
225
226
249
282
0
10620
101
19
0
0
0
1
1
1
4
203
225
253
268
0
10532
100
19
0
0
0
1
1
1
4
201
217
246
248
0
10444
99
19
0
0
0
1
1
1
4
195
207
255
287
0
10356
99
19
0
0
0
1
1
1
4
199
213
240
255
0
10268
98
18
0
0
0
1
1
1
4
186
203
246
285
0
10181
98
18
0
0
0
1
1
1
4
188
190
230
246
0
10093
97
18
0
0
0
1
1
1
4
153
187
233
260
0
10006
96
18
0
0
0
1
1
1
4
186
198
221
247
0
9918
96
18
0
0
0
1
1
1
4
194
197
219
230
0
9831
95
18
0
0
0
1
1
1
4
183
188
219
229
0
9744
95
18
0
0
0
1
1
1
4
157
187
224
260
0
9657
94
18
0
0
0
1
1
1
4
151
187
219
224
0
9570
94
18
0
0
0
1
1
1
4
157
165
209
219
0
9483
93
18
0
0
0
1
1
1
4
165
181
219
222
0
9397
93
18
0
0
0
1
1
1
4
153
170
200
221
0
9311
92
18
0
0
0
1
1
1
4
130
160
203
228
0
9225
92
17
0
0
0
1
1
1
4
147
162
209
222
0
9139
91
17
0
0
0
1
1
1
4
159
167
192
222
0
9054
91
17
0
0
0
1
1
1
4
133
150
194
200
0
8969
90
17
0
0
0
1
1
1
4
124
153
195
224
0
8884
90
17
0
0
0
1
1
1
4
123
153
200
238
0
8799
89
17
0
0
0
1
1
1
4
140
148
191
208
0
8715
89
17
0
0
0
1
1
1
4
130
140
195
227
0
8631
88
17
0
0
0
1
1
1
4
135
146
190
209
0
8548
88
17
0
0
0
1
1
1
4
128
145
183
200
0
8465
87
17
0
0
0
1
1
1
4
132
133
176
194
0
8382
87
17
0
0
0
1
1
1
4
107
131
182
187
0
8299
86
17
0
0
0
1
1
1
4
109
135
177
185
0
8217
86
17
0
0
0
1
1
1
4
100
128
179
216
0
8135
85
16
0
0
0
1
1
1
4
92
127
173
178
0
8054
85
16
0
0
0
1
1
1
4
131
131
173
176
0
7973
84
16
0
0
0
1
1
1
4
115
127
156
177
0
7893
84
16
0
0
0
1
1
1
4
105
118
171
185
0
7813
83
16
0
0
0
1
1
1
4
90
111
155
192
0
7733
83
16
0
0
0
1
1
1
4
93
127
150
162
0
7654
83
16
0
0
0
1
1
1
4
89
110
158
168
0
7575
82
16
0
0
0
1
1
1
4
100
122
163
180
0
7497
82
16
0
0
0
1
1
1
4
75
109
157
183
0
7419
81
16
0
0
0
1
1
1
4
105
116
150
173
0
7342
81
16
0
0
0
1
1
1
4
95
106
155
172
0
7265
81
16
0
0
0
1
1
1
4
89
108
147
147
0
7189
80
16
0
0
0
1
1
1
4
71
98
144
165
0
7113
80
16
0
0
0
1
1
1
4
90
100
137
168
0
7038
79
15
0
0
0
1
1
1
4
65
94
132
135
0
6963
79
15
0
0
0
1
1
1
4
66
97
129
155
0
6888
78
15
0
0
0
1
1
1
4
62
100
131
140
0
6814
78
15
0
0
0
1
1
1
4
59
91
129
164
0
6741
78
15
0
0
0
1
1
1
4
64
103
136
154
0
6668
77
15
0
0
0
1
1
1
4
77
86
132
168
0
6578
77
15
0
0
0
1
1
1
4
96
100
129
143
0
6488
76
15
0
0
0
1
1
1
4
59
84
124
130
0
6399
76
15
0
0
0
1
1
1
4
54
77
125
140
0
6311
75
15
0
0
0
1
1
1
4
61
93
127
157
0
6224
75
15
0
0
0
1
1
1
4
74
83
123
156
0
6137
74
15
0
0
0
1
1
1
4
52
76
119
134
0
6052
74
15
0
0
0
1
1
1
4
39
76
122
160
0
5967
73
14
0
0
0
1
1
1
4
43
72
122
155
0
5883
73
14
0
0
0
1
1
1
4
42
70
106
119
0
5800
72
14
0
0
0
1
1
1
4
55
78
115
153
0
5702
72
14
0
0
0
1
1
1
4
45
82
107
128
0
5604
71
14
0
0
0
1
1
1
4
69
70
103
113
0
5508
71
14
0
0
0
1
1
1
4
44
64
113
117
0
5413
70
14
0
0
0
1
1
1
4
71
73
116
155
0
5319
70
14
0
0
0
1
1
1
4
62
71
104
142
0
5227
69
14
0
0
0
1
1
1
4
26
57
96
115
0
5135
69
14
0
0
0
1
1
1
4
55
68
95
131
0
5045
68
13
0
0
0
1
1
1
4
34
55
96
107
0
4956
68
13
0
0
0
1
1
1
4
49
56
100
109
0
4869
67
13
0
0
0
1
1
1
4
37
59
98
100
0
4782
67
13
0
0
0
1
1
1
4
44
58
103
119
0
4697
66
13
0
0
0
1
1
1
4
24
47
91
123
0
4613
66
13
0
0
0
1
1
1
4
33
46
85
90
0
4530
65
13
0
0
0
1
1
1
4
31
44
97
115
0
4449
65
13
0
0
0
1
1
1
4
26
47
86
120
0
4368
64
13
0
0
0
1
1
1
4
26
46
84
112
0
4289
64
13
0
0
0
1
1
1
4
22
47
86
125
0
4211
63
13
0
0
0
1
1
1
4
38
56
78
102
0
4134
63
12
0
0
0
1
1
1
4
16
55
76
98
0
4058
62
12
0
0
0
1
1
1
4
44
54
80
103
0
3983
62
12
0
0
0
1
1
1
4
24
53
81
84
0
3886
61
12
0
0
0
1
1
1
4
16
34
84
115
0
3790
60
12
0
0
0
1
1
1
4
20
50
75
85
0
3696
60
12
0
0
0
1
1
1
4
24
37
86
116
0
3604
59
12
0
0
0
1
1
1
4
19
40
76
107
0
3514
58
12
0
0
0
1
1
1
4
23
43
81
100
0
3425
58
12
0
0
0
1
1
1
4
12
36
78
104
0
3339
57
11
0
0
0
1
1
1
4
22
31
72
102
0
3255
57
11
0
0
0
1
1
1
4
19
32
75
98
0
3172
56
11
0
0
0
1
1
1
4
-5
22
75
84
0
3092
55
11
0
0
0
1
1
1
4
10
29
79
103
0
3013
55
11
0
0
0
1
1
1
4
7
29
65
100
0
2936
54
11
0
0
0
1
1
1
4
-6
23
64
65
0
2860
54
11
0
0
0
1
1
1
4
12
23
70
97
0
2786
53
11
0
0
0
1
1
1
4
27
29
69
72
0
2696
52
10
0
0
0
1
1
1
4
-7
32
68
72
0
2609
52
10
0
0
0
1
1
1
4
10
14
72
95
0
2524
51
10
0
0
0
1
1
1
4
1
19
64
93
0
2442
50
10
0
0
0
1
1
1
4
2
27
64
103
0
2346
49
10
0
0
0
1
1
1
4
-3
11
65
100
0
2254
48
10
0
0
0
1
1
1
4
9
16
58
68
0
2164
48
9
0
0
0
1
1
1
4
19
26
65
67
0
2078
47
9
0
0
0
1
1
1
4
7
16
51
51
0
1996
46
9
0
0
0
1
1
1
4
-10
14
62
91
0
1916
45
9
0
0
0
1
1
1
4
5
8
56
77
0
1839
44
9
0
0
0
1
1
1
4
16
18
46
65
0
1741
43
9
0
0
0
1
1
1
4
13
14
60
67
0
1647
42
8
0
0
0
1
1
1
4
-4
16
43
70
0
1558
41
8
0
0
0
1
1
1
4
-10
9
49
75
0
1474
40
8
0
0
0
1
1
1
4
-20
13
47
81
0
1394
39
8
0
0
0
1
1
1
4
-24
12
45
57
0
1318
38
8
0
0
0
1
1
1
4
-4
13
38
58
0
1228
37
7
0
0
0
1
1
1
4
10
10
50
84
0
1144
36
7
0
0
0
1
1
1
4
-5
-2
48
52
0
1050
35
7
0
0
0
1
1
1
4
-36
1
44
61
0
963
33
7
0
0
0
1
1
1
4
-22
7
48
56
0
883
32
6
0
0
0
1
1
1
4
-23
6
46
68
0
786
30
6
0
0
0
1
1
1
4
-16
-5
39
78
0
699
29
6
0
0
0
1
1
1
4
-8
-7
41
52
0
622
27
5
0
0
0
1
1
1
4
-18
2
30
42
0
536
25
5
0
0
0
1
1
1
4
-14
-3
33
39
0
447
23
5
0
0
0
1
1
1
4
-45
-7
35
71
0
350
21
4
0
0
0
1
1
1
4
-14
-10
36
62
0
273
18
4
0
0
0
1
1
1
4
-28
-9
35
43
0
186
15
3
0
0
0
1
1
1
4
-37
-2
21
60
0
109
12
2
0
0
0
1
1
1
4
-43
-6
35
65
0
31
6
1
0
0
0
1
1
1
4
-27
-8
27
58
0
1000
1000
200
0
0
0
1
1
1
4
565
573
614
625