2
100
100
20
0
0
0
1
1
1
4
0
1
750
800
0
119
342
34
0
0
0
1
1
1
4
0
169
690
782
0
142
640
52
0
0
0
1
1
1
4
0
288
671
698
0
169
991
73
0
0
0
1
1
1
4
0
255
677
3
0
197
1335
93
0
0
0
1
1
1
4
0
293
691
827
0
225
1673
112
0
0
0
1
1
1
4
0
156
691
720
0
261
2113
138
0
0
0
1
1
1
4
0
201
593
916
0
298
2541
162
0
0
0
1
1
1
4
0
202
666
868
0
335
2958
186
0
0
0
1
1
1
4
0
285
612
779
0
371
3363
208
0
0
0
1
1
1
4
0
293
560
602
0
407
3756
230
0
0
0
1
1
1
4
0
181
575
694
0
443
4139
252
0
0
0
1
1
1
4
0
222
757
81
0
479
4511
272
0
0
0
1
1
1
4
0
194
577
903
0
524
4961
297
0
0
0
1
1
1
4
0
189
725
998
0
569
5395
320
0
0
0
1
1
1
4
0
205
771
852
0
614
5813
343
0
0
0
1
1
1
4
0
254
663
990
0
667
6293
369
0
0
0
1
1
1
4
0
280
631
760
0
720
6752
393
0
0
0
1
1
1
4
0
333
714
9
0
773
7189
416
0
0
0
1
1
1
4
0
249
608
775
0
825
7606
438
0
0
0
1
1
1
4
0
234
641
791
0
877
8002
459
0
0
0
1
1
1
4
0
394
678
56
0
929
8378
478
0
0
0
1
1
1
4
0
221
608
859
0
998
8851
503
0
0
0
1
1
1
4
0
210
741
1
0
1067
9291
526
0
0
0
1
1
1
4
0
245
752
764
0
1135
9699
547
0
0
0
1
1
1
4
0
230
710
49
0
1202
10077
566
0
0
0
1
1
1
4
0
248
652
30
0
1286
10509
589
0
0
0
1
1
1
4
0
419
717
819
0
1386
10970
613
0
0
0
1
1
1
4
0
330
674
30
0
1484
11374
634
0
0
0
1
1
1
4
0
343
709
950
0
1615
11828
659
0
0
0
1
1
1
4
0
335
668
887
0
1743
12193
680
0
0
0
1
1
1
4
0
295
655
772
0
1933
12593
706
0
0
0
1
1
1
4
0
250
702
977
0
2181
12886
731
0
0
0
1
1
1
4
0
289
783
39
0
2664
12836
760
0
0
0
1
1
1
4
0
249
788
953
0
2947
12507
768
0
0
0
1
1
1
4
0
310
612
836
0
3166
12142
771
0
0
0
1
1
1
4
0
314
717
746
0
3377
11717
771
0
0
0
1
1
1
4
0
358
647
815
0
3531
11377
771
0
0
0
1
1
1
4
0
256
711
860
0
3682
11026
769
0
0
0
1
1
1
4
0
243
584
829
0
3829
10673
767
0
0
0
1
1
1
4
0
309
681
36
0
3973
10323
764
0
0
0
1
1
1
4
0
267
719
947
0
4160
9869
760
0
0
0
1
1
1
4
0
198
741
41
0
4342
9441
755
0
0
0
1
1
1
4
0
177
665
779
0
4518
9046
749
0
0
0
1
1
1
4
0
279
678
769
0
4689
8690
742
0
0
0
1
1
1
4
0
163
587
923
0
4896
8305
734
0
0
0
1
1
1
4
0
169
557
585
0
5135
7935
722
0
0
0
1
1
1
4
0
303
584
705
0
5438
7601
705
0
0
0
1
1
1
4
0
102
526
563
0
5865
7428
677
0
0
0
1
1
1
4
0
84
495
523
0
6252
7593
647
0
0
0
1
1
1
4
0
246
585
914
0
6545
7921
622
0
0
0
1
1
1
4
0
237
484
647
0
6761
8269
603
0
0
0
1
1
1
4
0
91
435
475
0
6963
8668
585
0
0
0
1
1
1
4
0
199
545
833
0
7153
9097
567
0
0
0
1
1
1
4
0
89
523
719
0
7331
9541
551
0
0
0
1
1
1
4
0
53
466
649
0
7498
9984
537
0
0
0
1
1
1
4
0
88
559
884
0
7654
10414
525
0
0
0
1
1
1
4
0
989
484
623
0
7801
10823
514
0
0
0
1
1
1
4
0
986
441
523
0
7938
11204
506
0
0
0
1
1
1
4
0
103
564
871
0
8067
11552
499
0
0
0
1
1
1
4
0
158
510
721
0
8218
11941
493
0
0
0
1
1
1
4
0
129
456
599
0
8385
12333
490
0
0
0
1
1
1
4
0
986
494
716
0
8587
12730
491
0
0
0
1
1
1
4
0
143
358
559
0
8852
13072
504
0
0
0
1
1
1
4
0
27
435
540
0
9282
12984
560
0
0
0
1
1
1
4
0
46
426
652
0
9462
12629
601
0
0
0
1
1
1
4
0
137
510
726
0
9596
12211
639
0
0
0
1
1
1
4
0
162
544
581
0
9697
11800
672
0
0
0
1
1
1
4
0
212
436
472
0
9773
11434
700
0
0
0
1
1
1
4
0
151
629
979
0
9857
10959
734
0
0
0
1
1
1
4
0
196
640
971
0
9929
10505
766
0
0
0
1
1
1
4
0
153
616
910
0
9982
10131
791
0
0
0
1
1
1
4
0
133
695
76
1
10000
10000
800
0
0
0
1
1
1
4
0
1
750
800